97 394
98 374
120 370
97 366
119 363
100 355
97 341
120 324
97 320
119 317
115 312
97 311
119 237
97 231
119 229
100 222
120 220
100 216
119 214
100 210
98 138
100 129
97 123
97 112
119 110
97 107
115 105
100 104
98 96
97 95
119 31
100 26
0 0
97 393
120 390
97 388
119 382
115 368
97 366
119 291
100 283
98 208
115 204
120 200
98 182
120 179
100 175
119 172
97 170
119 164
97 162
119 95
100 90
119 27
100 22
0 0
97 396
120 394
97 392
119 384
120 379
119 373
115 369
97 368
119 296
97 287
100 284
119 208
98 197
120 194
100 190
119 188
97 185
119 116
100 110
119 44
100 39
119 26
97 22
119 18
100 16
119 10
