100 394
119 380
100 376
120 362
0 0
119 385
100 379
119 365
100 362
120 357
98 350
119 348
97 342
119 313
97 310
119 305
100 298
119 297
100 288
97 279
100 260
97 255
100 254
97 251
100 250
97 248
100 247
97 246
100 245
97 243
100 242
97 241
100 240
97 238
100 237
97 235
100 230
27 226
97 214
120 205
100 191
97 145
100 140
97 135
100 130
97 126
100 125
97 124
100 123
97 122
100 121
97 120
100 119
97 118
100 117
97 116
100 115
97 114
100 113
97 112
100 111
97 110
100 109
97 108
100 107
97 106
100 105
97 104
100 103
97 102
100 101
97 100
100 99
97 98
100 97
97 96
97 95
0 0
119 391
100 384
119 357
97 348
100 344
120 341
97 331
119 273
98 265
100 262
115 251
100 247
119 232
100 230
120 221
100 217
120 214
100 211
120 180
100 176
98 166
97 164
119 162
100 156
119 144
100 138
115 128
100 127
98 115
100 113
119 109
100 107
120 101
100 94
120 92
97 90
